{
 "cells": [
  {
   "cell_type": "markdown",
   "id": "44f5e6fe-0bff-4b64-9eaf-9c58fc0a1c09",
   "metadata": {},
   "source": [
    "#### Business Analytics FHDW 2024\n",
    "# Korrelationsanalyse zur Dimensionsreduktion\n",
    "## am Beispiel von Daten über Frühstücksflocken\n",
    "\n",
    "In Anlehnung an ein Beispiel aus Shmueli et al. betrachten wir den beliebten Datensatz *cereal.csv*, den wir in ein `DataFrame` einlesen."
   ]
  },
  {
   "cell_type": "code",
   "execution_count": 1,
   "id": "d4df32cd-32c7-40c8-be29-e64a03cbca5f",
   "metadata": {},
   "outputs": [
    {
     "data": {
      "text/html": [
       "<div>\n",
       "<style scoped>\n",
       "    .dataframe tbody tr th:only-of-type {\n",
       "        vertical-align: middle;\n",
       "    }\n",
       "\n",
       "    .dataframe tbody tr th {\n",
       "        vertical-align: top;\n",
       "    }\n",
       "\n",
       "    .dataframe thead th {\n",
       "        text-align: right;\n",
       "    }\n",
       "</style>\n",
       "<table border=\"1\" class=\"dataframe\">\n",
       "  <thead>\n",
       "    <tr style=\"text-align: right;\">\n",
       "      <th></th>\n",
       "      <th>name</th>\n",
       "      <th>mfr</th>\n",
       "      <th>type</th>\n",
       "      <th>calories</th>\n",
       "      <th>protein</th>\n",
       "      <th>fat</th>\n",
       "      <th>sodium</th>\n",
       "      <th>fiber</th>\n",
       "      <th>carbo</th>\n",
       "      <th>sugars</th>\n",
       "      <th>potass</th>\n",
       "      <th>vitamins</th>\n",
       "      <th>shelf</th>\n",
       "      <th>weight</th>\n",
       "      <th>cups</th>\n",
       "      <th>rating</th>\n",
       "    </tr>\n",
       "  </thead>\n",
       "  <tbody>\n",
       "    <tr>\n",
       "      <th>0</th>\n",
       "      <td>100%_Bran</td>\n",
       "      <td>N</td>\n",
       "      <td>C</td>\n",
       "      <td>70</td>\n",
       "      <td>4</td>\n",
       "      <td>1</td>\n",
       "      <td>130</td>\n",
       "      <td>10.0</td>\n",
       "      <td>5.0</td>\n",
       "      <td>6.0</td>\n",
       "      <td>280.0</td>\n",
       "      <td>25</td>\n",
       "      <td>3</td>\n",
       "      <td>1.0</td>\n",
       "      <td>0.33</td>\n",
       "      <td>68.402973</td>\n",
       "    </tr>\n",
       "    <tr>\n",
       "      <th>1</th>\n",
       "      <td>100%_Natural_Bran</td>\n",
       "      <td>Q</td>\n",
       "      <td>C</td>\n",
       "      <td>120</td>\n",
       "      <td>3</td>\n",
       "      <td>5</td>\n",
       "      <td>15</td>\n",
       "      <td>2.0</td>\n",
       "      <td>8.0</td>\n",
       "      <td>8.0</td>\n",
       "      <td>135.0</td>\n",
       "      <td>0</td>\n",
       "      <td>3</td>\n",
       "      <td>1.0</td>\n",
       "      <td>1.00</td>\n",
       "      <td>33.983679</td>\n",
       "    </tr>\n",
       "    <tr>\n",
       "      <th>2</th>\n",
       "      <td>All-Bran</td>\n",
       "      <td>K</td>\n",
       "      <td>C</td>\n",
       "      <td>70</td>\n",
       "      <td>4</td>\n",
       "      <td>1</td>\n",
       "      <td>260</td>\n",
       "      <td>9.0</td>\n",
       "      <td>7.0</td>\n",
       "      <td>5.0</td>\n",
       "      <td>320.0</td>\n",
       "      <td>25</td>\n",
       "      <td>3</td>\n",
       "      <td>1.0</td>\n",
       "      <td>0.33</td>\n",
       "      <td>59.425505</td>\n",
       "    </tr>\n",
       "    <tr>\n",
       "      <th>3</th>\n",
       "      <td>All-Bran_with_Extra_Fiber</td>\n",
       "      <td>K</td>\n",
       "      <td>C</td>\n",
       "      <td>50</td>\n",
       "      <td>4</td>\n",
       "      <td>0</td>\n",
       "      <td>140</td>\n",
       "      <td>14.0</td>\n",
       "      <td>8.0</td>\n",
       "      <td>0.0</td>\n",
       "      <td>330.0</td>\n",
       "      <td>25</td>\n",
       "      <td>3</td>\n",
       "      <td>1.0</td>\n",
       "      <td>0.50</td>\n",
       "      <td>93.704912</td>\n",
       "    </tr>\n",
       "    <tr>\n",
       "      <th>4</th>\n",
       "      <td>Almond_Delight</td>\n",
       "      <td>R</td>\n",
       "      <td>C</td>\n",
       "      <td>110</td>\n",
       "      <td>2</td>\n",
       "      <td>2</td>\n",
       "      <td>200</td>\n",
       "      <td>1.0</td>\n",
       "      <td>14.0</td>\n",
       "      <td>8.0</td>\n",
       "      <td>NaN</td>\n",
       "      <td>25</td>\n",
       "      <td>3</td>\n",
       "      <td>1.0</td>\n",
       "      <td>0.75</td>\n",
       "      <td>34.384843</td>\n",
       "    </tr>\n",
       "    <tr>\n",
       "      <th>...</th>\n",
       "      <td>...</td>\n",
       "      <td>...</td>\n",
       "      <td>...</td>\n",
       "      <td>...</td>\n",
       "      <td>...</td>\n",
       "      <td>...</td>\n",
       "      <td>...</td>\n",
       "      <td>...</td>\n",
       "      <td>...</td>\n",
       "      <td>...</td>\n",
       "      <td>...</td>\n",
       "      <td>...</td>\n",
       "      <td>...</td>\n",
       "      <td>...</td>\n",
       "      <td>...</td>\n",
       "      <td>...</td>\n",
       "    </tr>\n",
       "    <tr>\n",
       "      <th>72</th>\n",
       "      <td>Triples</td>\n",
       "      <td>G</td>\n",
       "      <td>C</td>\n",
       "      <td>110</td>\n",
       "      <td>2</td>\n",
       "      <td>1</td>\n",
       "      <td>250</td>\n",
       "      <td>0.0</td>\n",
       "      <td>21.0</td>\n",
       "      <td>3.0</td>\n",
       "      <td>60.0</td>\n",
       "      <td>25</td>\n",
       "      <td>3</td>\n",
       "      <td>1.0</td>\n",
       "      <td>0.75</td>\n",
       "      <td>39.106174</td>\n",
       "    </tr>\n",
       "    <tr>\n",
       "      <th>73</th>\n",
       "      <td>Trix</td>\n",
       "      <td>G</td>\n",
       "      <td>C</td>\n",
       "      <td>110</td>\n",
       "      <td>1</td>\n",
       "      <td>1</td>\n",
       "      <td>140</td>\n",
       "      <td>0.0</td>\n",
       "      <td>13.0</td>\n",
       "      <td>12.0</td>\n",
       "      <td>25.0</td>\n",
       "      <td>25</td>\n",
       "      <td>2</td>\n",
       "      <td>1.0</td>\n",
       "      <td>1.00</td>\n",
       "      <td>27.753301</td>\n",
       "    </tr>\n",
       "    <tr>\n",
       "      <th>74</th>\n",
       "      <td>Wheat_Chex</td>\n",
       "      <td>R</td>\n",
       "      <td>C</td>\n",
       "      <td>100</td>\n",
       "      <td>3</td>\n",
       "      <td>1</td>\n",
       "      <td>230</td>\n",
       "      <td>3.0</td>\n",
       "      <td>17.0</td>\n",
       "      <td>3.0</td>\n",
       "      <td>115.0</td>\n",
       "      <td>25</td>\n",
       "      <td>1</td>\n",
       "      <td>1.0</td>\n",
       "      <td>0.67</td>\n",
       "      <td>49.787445</td>\n",
       "    </tr>\n",
       "    <tr>\n",
       "      <th>75</th>\n",
       "      <td>Wheaties</td>\n",
       "      <td>G</td>\n",
       "      <td>C</td>\n",
       "      <td>100</td>\n",
       "      <td>3</td>\n",
       "      <td>1</td>\n",
       "      <td>200</td>\n",
       "      <td>3.0</td>\n",
       "      <td>17.0</td>\n",
       "      <td>3.0</td>\n",
       "      <td>110.0</td>\n",
       "      <td>25</td>\n",
       "      <td>1</td>\n",
       "      <td>1.0</td>\n",
       "      <td>1.00</td>\n",
       "      <td>51.592193</td>\n",
       "    </tr>\n",
       "    <tr>\n",
       "      <th>76</th>\n",
       "      <td>Wheaties_Honey_Gold</td>\n",
       "      <td>G</td>\n",
       "      <td>C</td>\n",
       "      <td>110</td>\n",
       "      <td>2</td>\n",
       "      <td>1</td>\n",
       "      <td>200</td>\n",
       "      <td>1.0</td>\n",
       "      <td>16.0</td>\n",
       "      <td>8.0</td>\n",
       "      <td>60.0</td>\n",
       "      <td>25</td>\n",
       "      <td>1</td>\n",
       "      <td>1.0</td>\n",
       "      <td>0.75</td>\n",
       "      <td>36.187559</td>\n",
       "    </tr>\n",
       "  </tbody>\n",
       "</table>\n",
       "<p>77 rows × 16 columns</p>\n",
       "</div>"
      ],
      "text/plain": [
       "                         name mfr type  calories  protein  fat  sodium  fiber  \\\n",
       "0                   100%_Bran   N    C        70        4    1     130   10.0   \n",
       "1           100%_Natural_Bran   Q    C       120        3    5      15    2.0   \n",
       "2                    All-Bran   K    C        70        4    1     260    9.0   \n",
       "3   All-Bran_with_Extra_Fiber   K    C        50        4    0     140   14.0   \n",
       "4              Almond_Delight   R    C       110        2    2     200    1.0   \n",
       "..                        ...  ..  ...       ...      ...  ...     ...    ...   \n",
       "72                    Triples   G    C       110        2    1     250    0.0   \n",
       "73                       Trix   G    C       110        1    1     140    0.0   \n",
       "74                 Wheat_Chex   R    C       100        3    1     230    3.0   \n",
       "75                   Wheaties   G    C       100        3    1     200    3.0   \n",
       "76        Wheaties_Honey_Gold   G    C       110        2    1     200    1.0   \n",
       "\n",
       "    carbo  sugars  potass  vitamins  shelf  weight  cups     rating  \n",
       "0     5.0     6.0   280.0        25      3     1.0  0.33  68.402973  \n",
       "1     8.0     8.0   135.0         0      3     1.0  1.00  33.983679  \n",
       "2     7.0     5.0   320.0        25      3     1.0  0.33  59.425505  \n",
       "3     8.0     0.0   330.0        25      3     1.0  0.50  93.704912  \n",
       "4    14.0     8.0     NaN        25      3     1.0  0.75  34.384843  \n",
       "..    ...     ...     ...       ...    ...     ...   ...        ...  \n",
       "72   21.0     3.0    60.0        25      3     1.0  0.75  39.106174  \n",
       "73   13.0    12.0    25.0        25      2     1.0  1.00  27.753301  \n",
       "74   17.0     3.0   115.0        25      1     1.0  0.67  49.787445  \n",
       "75   17.0     3.0   110.0        25      1     1.0  1.00  51.592193  \n",
       "76   16.0     8.0    60.0        25      1     1.0  0.75  36.187559  \n",
       "\n",
       "[77 rows x 16 columns]"
      ]
     },
     "execution_count": 1,
     "metadata": {},
     "output_type": "execute_result"
    }
   ],
   "source": [
    "import pandas as pd\n",
    "import seaborn as sns\n",
    "import matplotlib.pyplot as plt\n",
    "\n",
    "cereals_df = pd.read_csv('./Daten/cereal.csv')\n",
    "cereals_df"
   ]
  },
  {
   "cell_type": "markdown",
   "id": "e57d9dec-994c-4f07-92ab-8ed131387b74",
   "metadata": {},
   "source": [
    "Zu diesem Datensatz generieren wir uns die Korrelationsmatrix. Die Methode `corr` auf den Dataframe liefert uns in diesem Fall (default-Parameter `method='pearson'`) die Korrelationskoeffizienten nach Bravais-Pearson, also $r_{x,y}=\\frac{s_{x,y}}{s_x \\cdot s_y}$ (die Definition der Parameter kennen Sie aus WSTA, DAML und anderen Veranstaltungen)."
   ]
  },
  {
   "cell_type": "code",
   "execution_count": 2,
   "id": "3a27659a-4524-4817-80b5-f4274a4504ab",
   "metadata": {},
   "outputs": [
    {
     "data": {
      "text/html": [
       "<div>\n",
       "<style scoped>\n",
       "    .dataframe tbody tr th:only-of-type {\n",
       "        vertical-align: middle;\n",
       "    }\n",
       "\n",
       "    .dataframe tbody tr th {\n",
       "        vertical-align: top;\n",
       "    }\n",
       "\n",
       "    .dataframe thead th {\n",
       "        text-align: right;\n",
       "    }\n",
       "</style>\n",
       "<table border=\"1\" class=\"dataframe\">\n",
       "  <thead>\n",
       "    <tr style=\"text-align: right;\">\n",
       "      <th></th>\n",
       "      <th>calories</th>\n",
       "      <th>protein</th>\n",
       "      <th>fat</th>\n",
       "      <th>sodium</th>\n",
       "      <th>fiber</th>\n",
       "      <th>carbo</th>\n",
       "      <th>sugars</th>\n",
       "      <th>potass</th>\n",
       "      <th>vitamins</th>\n",
       "      <th>shelf</th>\n",
       "      <th>weight</th>\n",
       "      <th>cups</th>\n",
       "      <th>rating</th>\n",
       "    </tr>\n",
       "  </thead>\n",
       "  <tbody>\n",
       "    <tr>\n",
       "      <th>calories</th>\n",
       "      <td>1.000000</td>\n",
       "      <td>0.019066</td>\n",
       "      <td>0.498610</td>\n",
       "      <td>0.300649</td>\n",
       "      <td>-0.293413</td>\n",
       "      <td>0.257638</td>\n",
       "      <td>0.566533</td>\n",
       "      <td>-0.072063</td>\n",
       "      <td>0.265356</td>\n",
       "      <td>0.097234</td>\n",
       "      <td>0.696091</td>\n",
       "      <td>0.087200</td>\n",
       "      <td>-0.689376</td>\n",
       "    </tr>\n",
       "    <tr>\n",
       "      <th>protein</th>\n",
       "      <td>0.019066</td>\n",
       "      <td>1.000000</td>\n",
       "      <td>0.208431</td>\n",
       "      <td>-0.054674</td>\n",
       "      <td>0.500330</td>\n",
       "      <td>-0.025012</td>\n",
       "      <td>-0.291853</td>\n",
       "      <td>0.563706</td>\n",
       "      <td>0.007335</td>\n",
       "      <td>0.133865</td>\n",
       "      <td>0.216158</td>\n",
       "      <td>-0.244469</td>\n",
       "      <td>0.470618</td>\n",
       "    </tr>\n",
       "    <tr>\n",
       "      <th>fat</th>\n",
       "      <td>0.498610</td>\n",
       "      <td>0.208431</td>\n",
       "      <td>1.000000</td>\n",
       "      <td>-0.005407</td>\n",
       "      <td>0.016719</td>\n",
       "      <td>-0.300003</td>\n",
       "      <td>0.302497</td>\n",
       "      <td>0.200445</td>\n",
       "      <td>-0.031156</td>\n",
       "      <td>0.263691</td>\n",
       "      <td>0.214625</td>\n",
       "      <td>-0.175892</td>\n",
       "      <td>-0.409284</td>\n",
       "    </tr>\n",
       "    <tr>\n",
       "      <th>sodium</th>\n",
       "      <td>0.300649</td>\n",
       "      <td>-0.054674</td>\n",
       "      <td>-0.005407</td>\n",
       "      <td>1.000000</td>\n",
       "      <td>-0.070675</td>\n",
       "      <td>0.297687</td>\n",
       "      <td>0.058866</td>\n",
       "      <td>-0.042632</td>\n",
       "      <td>0.361477</td>\n",
       "      <td>-0.069719</td>\n",
       "      <td>0.308576</td>\n",
       "      <td>0.119665</td>\n",
       "      <td>-0.401295</td>\n",
       "    </tr>\n",
       "    <tr>\n",
       "      <th>fiber</th>\n",
       "      <td>-0.293413</td>\n",
       "      <td>0.500330</td>\n",
       "      <td>0.016719</td>\n",
       "      <td>-0.070675</td>\n",
       "      <td>1.000000</td>\n",
       "      <td>-0.380357</td>\n",
       "      <td>-0.138760</td>\n",
       "      <td>0.911528</td>\n",
       "      <td>-0.032243</td>\n",
       "      <td>0.297539</td>\n",
       "      <td>0.247226</td>\n",
       "      <td>-0.513061</td>\n",
       "      <td>0.584160</td>\n",
       "    </tr>\n",
       "    <tr>\n",
       "      <th>carbo</th>\n",
       "      <td>0.257638</td>\n",
       "      <td>-0.025012</td>\n",
       "      <td>-0.300003</td>\n",
       "      <td>0.297687</td>\n",
       "      <td>-0.380357</td>\n",
       "      <td>1.000000</td>\n",
       "      <td>-0.471184</td>\n",
       "      <td>-0.365003</td>\n",
       "      <td>0.219202</td>\n",
       "      <td>-0.192650</td>\n",
       "      <td>0.138467</td>\n",
       "      <td>0.367460</td>\n",
       "      <td>0.088712</td>\n",
       "    </tr>\n",
       "    <tr>\n",
       "      <th>sugars</th>\n",
       "      <td>0.566533</td>\n",
       "      <td>-0.291853</td>\n",
       "      <td>0.302497</td>\n",
       "      <td>0.058866</td>\n",
       "      <td>-0.138760</td>\n",
       "      <td>-0.471184</td>\n",
       "      <td>1.000000</td>\n",
       "      <td>0.001414</td>\n",
       "      <td>0.098231</td>\n",
       "      <td>0.068377</td>\n",
       "      <td>0.455844</td>\n",
       "      <td>-0.048961</td>\n",
       "      <td>-0.763902</td>\n",
       "    </tr>\n",
       "    <tr>\n",
       "      <th>potass</th>\n",
       "      <td>-0.072063</td>\n",
       "      <td>0.563706</td>\n",
       "      <td>0.200445</td>\n",
       "      <td>-0.042632</td>\n",
       "      <td>0.911528</td>\n",
       "      <td>-0.365003</td>\n",
       "      <td>0.001414</td>\n",
       "      <td>1.000000</td>\n",
       "      <td>-0.005427</td>\n",
       "      <td>0.385784</td>\n",
       "      <td>0.419933</td>\n",
       "      <td>-0.501607</td>\n",
       "      <td>0.416009</td>\n",
       "    </tr>\n",
       "    <tr>\n",
       "      <th>vitamins</th>\n",
       "      <td>0.265356</td>\n",
       "      <td>0.007335</td>\n",
       "      <td>-0.031156</td>\n",
       "      <td>0.361477</td>\n",
       "      <td>-0.032243</td>\n",
       "      <td>0.219202</td>\n",
       "      <td>0.098231</td>\n",
       "      <td>-0.005427</td>\n",
       "      <td>1.000000</td>\n",
       "      <td>0.299262</td>\n",
       "      <td>0.320324</td>\n",
       "      <td>0.128405</td>\n",
       "      <td>-0.240544</td>\n",
       "    </tr>\n",
       "    <tr>\n",
       "      <th>shelf</th>\n",
       "      <td>0.097234</td>\n",
       "      <td>0.133865</td>\n",
       "      <td>0.263691</td>\n",
       "      <td>-0.069719</td>\n",
       "      <td>0.297539</td>\n",
       "      <td>-0.192650</td>\n",
       "      <td>0.068377</td>\n",
       "      <td>0.385784</td>\n",
       "      <td>0.299262</td>\n",
       "      <td>1.000000</td>\n",
       "      <td>0.190762</td>\n",
       "      <td>-0.335269</td>\n",
       "      <td>0.025159</td>\n",
       "    </tr>\n",
       "    <tr>\n",
       "      <th>weight</th>\n",
       "      <td>0.696091</td>\n",
       "      <td>0.216158</td>\n",
       "      <td>0.214625</td>\n",
       "      <td>0.308576</td>\n",
       "      <td>0.247226</td>\n",
       "      <td>0.138467</td>\n",
       "      <td>0.455844</td>\n",
       "      <td>0.419933</td>\n",
       "      <td>0.320324</td>\n",
       "      <td>0.190762</td>\n",
       "      <td>1.000000</td>\n",
       "      <td>-0.199583</td>\n",
       "      <td>-0.298124</td>\n",
       "    </tr>\n",
       "    <tr>\n",
       "      <th>cups</th>\n",
       "      <td>0.087200</td>\n",
       "      <td>-0.244469</td>\n",
       "      <td>-0.175892</td>\n",
       "      <td>0.119665</td>\n",
       "      <td>-0.513061</td>\n",
       "      <td>0.367460</td>\n",
       "      <td>-0.048961</td>\n",
       "      <td>-0.501607</td>\n",
       "      <td>0.128405</td>\n",
       "      <td>-0.335269</td>\n",
       "      <td>-0.199583</td>\n",
       "      <td>1.000000</td>\n",
       "      <td>-0.203160</td>\n",
       "    </tr>\n",
       "    <tr>\n",
       "      <th>rating</th>\n",
       "      <td>-0.689376</td>\n",
       "      <td>0.470618</td>\n",
       "      <td>-0.409284</td>\n",
       "      <td>-0.401295</td>\n",
       "      <td>0.584160</td>\n",
       "      <td>0.088712</td>\n",
       "      <td>-0.763902</td>\n",
       "      <td>0.416009</td>\n",
       "      <td>-0.240544</td>\n",
       "      <td>0.025159</td>\n",
       "      <td>-0.298124</td>\n",
       "      <td>-0.203160</td>\n",
       "      <td>1.000000</td>\n",
       "    </tr>\n",
       "  </tbody>\n",
       "</table>\n",
       "</div>"
      ],
      "text/plain": [
       "          calories   protein       fat    sodium     fiber     carbo  \\\n",
       "calories  1.000000  0.019066  0.498610  0.300649 -0.293413  0.257638   \n",
       "protein   0.019066  1.000000  0.208431 -0.054674  0.500330 -0.025012   \n",
       "fat       0.498610  0.208431  1.000000 -0.005407  0.016719 -0.300003   \n",
       "sodium    0.300649 -0.054674 -0.005407  1.000000 -0.070675  0.297687   \n",
       "fiber    -0.293413  0.500330  0.016719 -0.070675  1.000000 -0.380357   \n",
       "carbo     0.257638 -0.025012 -0.300003  0.297687 -0.380357  1.000000   \n",
       "sugars    0.566533 -0.291853  0.302497  0.058866 -0.138760 -0.471184   \n",
       "potass   -0.072063  0.563706  0.200445 -0.042632  0.911528 -0.365003   \n",
       "vitamins  0.265356  0.007335 -0.031156  0.361477 -0.032243  0.219202   \n",
       "shelf     0.097234  0.133865  0.263691 -0.069719  0.297539 -0.192650   \n",
       "weight    0.696091  0.216158  0.214625  0.308576  0.247226  0.138467   \n",
       "cups      0.087200 -0.244469 -0.175892  0.119665 -0.513061  0.367460   \n",
       "rating   -0.689376  0.470618 -0.409284 -0.401295  0.584160  0.088712   \n",
       "\n",
       "            sugars    potass  vitamins     shelf    weight      cups    rating  \n",
       "calories  0.566533 -0.072063  0.265356  0.097234  0.696091  0.087200 -0.689376  \n",
       "protein  -0.291853  0.563706  0.007335  0.133865  0.216158 -0.244469  0.470618  \n",
       "fat       0.302497  0.200445 -0.031156  0.263691  0.214625 -0.175892 -0.409284  \n",
       "sodium    0.058866 -0.042632  0.361477 -0.069719  0.308576  0.119665 -0.401295  \n",
       "fiber    -0.138760  0.911528 -0.032243  0.297539  0.247226 -0.513061  0.584160  \n",
       "carbo    -0.471184 -0.365003  0.219202 -0.192650  0.138467  0.367460  0.088712  \n",
       "sugars    1.000000  0.001414  0.098231  0.068377  0.455844 -0.048961 -0.763902  \n",
       "potass    0.001414  1.000000 -0.005427  0.385784  0.419933 -0.501607  0.416009  \n",
       "vitamins  0.098231 -0.005427  1.000000  0.299262  0.320324  0.128405 -0.240544  \n",
       "shelf     0.068377  0.385784  0.299262  1.000000  0.190762 -0.335269  0.025159  \n",
       "weight    0.455844  0.419933  0.320324  0.190762  1.000000 -0.199583 -0.298124  \n",
       "cups     -0.048961 -0.501607  0.128405 -0.335269 -0.199583  1.000000 -0.203160  \n",
       "rating   -0.763902  0.416009 -0.240544  0.025159 -0.298124 -0.203160  1.000000  "
      ]
     },
     "execution_count": 2,
     "metadata": {},
     "output_type": "execute_result"
    }
   ],
   "source": [
    "corr = cereals_df.corr(numeric_only=True)\n",
    "corr"
   ]
  },
  {
   "cell_type": "markdown",
   "id": "7b6c8f96-4825-4ef8-abbf-e84f15da746f",
   "metadata": {},
   "source": [
    "Da wir zunächst ja die Dimensionen \"halbautomatisch\" aus menschlicher Sicht reduzieren wollen, vereinfachen wir uns die Auswahl potentieller Reduktionskandidaten ein wenig. Dabei hilft uns *seaborn* mit seiner `heatmap`."
   ]
  },
  {
   "cell_type": "code",
   "execution_count": 3,
   "id": "ebb9ad87-d854-483c-acea-dd03bd8c0425",
   "metadata": {},
   "outputs": [
    {
     "data": {
      "text/plain": [
       "<Axes: >"
      ]
     },
     "execution_count": 3,
     "metadata": {},
     "output_type": "execute_result"
    },
    {
     "data": {
